%YAML:1.0
---
cameraMatrix: !!opencv-matrix
   rows: 3
   cols: 3
   dt: d
   data: [ 1.0665246822327563e+03, 0., 9.2806293532147004e+02, 0.,
       1.0673668412083623e+03, 5.4016315396869743e+02, 0., 0., 1. ]
distortionCoefficients: !!opencv-matrix
   rows: 1
   cols: 5
   dt: d
   data: [ 6.4283758789318052e-02, -8.6676922753693819e-02,
       1.1906334146096853e-03, -8.9519032220061821e-04,
       2.8667796637613471e-02 ]
rotation: !!opencv-matrix
   rows: 3
   cols: 3
   dt: d
   data: [ 1., 0., 0., 0., 1., 0., 0., 0., 1. ]
projection: !!opencv-matrix
   rows: 4
   cols: 4
   dt: d
   data: [ 1.0665246822327563e+03, 0., 9.2806293532147004e+02, 0., 0.,
       1.0673668412083623e+03, 5.4016315396869743e+02, 0., 0., 0., 1.,
       0., 0., 0., 0., 1. ]
