%YAML:1.0
---
cameraMatrix: !!opencv-matrix
   rows: 3
   cols: 3
   dt: d
   data: [ 1.0638275055283998e+03, 0., 9.8065522043531496e+02, 0.,
       1.0630874956765376e+03, 5.3487799825273203e+02, 0., 0., 1. ]
distortionCoefficients: !!opencv-matrix
   rows: 1
   cols: 5
   dt: d
   data: [ 8.2259191886384350e-02, -1.5422111571136066e-01,
       -1.5280652011554466e-03, 3.1649180795035097e-03,
       7.0912722309560056e-02 ]
rotation: !!opencv-matrix
   rows: 3
   cols: 3
   dt: d
   data: [ 1., 0., 0., 0., 1., 0., 0., 0., 1. ]
projection: !!opencv-matrix
   rows: 4
   cols: 4
   dt: d
   data: [ 1.0638275055283998e+03, 0., 9.8065522043531496e+02, 0., 0.,
       1.0630874956765376e+03, 5.3487799825273203e+02, 0., 0., 0., 1.,
       0., 0., 0., 0., 1. ]
