%YAML:1.0
---
rotation: !!opencv-matrix
   rows: 3
   cols: 3
   dt: d
   data: [ 9.9997022042756889e-01, -7.7086234592209386e-03,
       -3.6794347842882382e-04, 7.7081353258403786e-03,
       9.9996943363748836e-01, -1.3101299627398717e-03,
       3.7803153030047663e-04, 1.3072547895057642e-03,
       9.9999907408811006e-01 ]
translation: !!opencv-matrix
   rows: 3
   cols: 1
   dt: d
   data: [ -5.3544798957190498e-02, -3.0163012463072804e-04,
       -3.5606614032247684e-03 ]
essential: !!opencv-matrix
   rows: 3
   cols: 3
   dt: d
   data: [ 2.7332034247954331e-05, 3.5601582593324534e-03,
       -3.0629477453934540e-04, -3.5403137459611902e-03,
       9.7444492913151523e-05, 5.3546059501566712e-02,
       -1.1110941414235693e-04, -5.3545487440509694e-02,
       7.0039662625442361e-05 ]
fundamental: !!opencv-matrix
   rows: 3
   cols: 3
   dt: d
   data: [ 1.5858861931256860e-08, 2.0673140569023089e-06,
       -5.0017949650170749e-04, -2.0585124471844721e-06,
       5.6703013176558892e-08, 1.1902846815432121e-02,
       1.0307200870475011e-03, -3.5259816381869098e-02, 1. ]
