%YAML:1.0
---
depthShift: -2.0255421915826393e+00
