%YAML:1.0
---
cameraMatrix: !!opencv-matrix
   rows: 3
   cols: 3
   dt: d
   data: [ 3.6410214904302421e+02, 0., 2.5504964772891685e+02, 0.,
       3.6437719054886253e+02, 2.0802256050943151e+02, 0., 0., 1. ]
distortionCoefficients: !!opencv-matrix
   rows: 1
   cols: 5
   dt: d
   data: [ 8.6301645239148322e-02, -2.7083366523102914e-01,
       -5.4947588185107980e-04, 1.2078918556807277e-04,
       1.0593144250124571e-01 ]
rotation: !!opencv-matrix
   rows: 3
   cols: 3
   dt: d
   data: [ 1., 0., 0., 0., 1., 0., 0., 0., 1. ]
projection: !!opencv-matrix
   rows: 4
   cols: 4
   dt: d
   data: [ 3.6410214904302421e+02, 0., 2.5504964772891685e+02, 0., 0.,
       3.6437719054886253e+02, 2.0802256050943151e+02, 0., 0., 0., 1.,
       0., 0., 0., 0., 1. ]
