%YAML:1.0
---
cameraMatrix: !!opencv-matrix
   rows: 3
   cols: 3
   dt: d
   data: [ 1.0665801978622353e+03, 0., 9.6991052905483366e+02, 0.,
       1.0677877472379000e+03, 5.3283362591240825e+02, 0., 0., 1. ]
distortionCoefficients: !!opencv-matrix
   rows: 1
   cols: 5
   dt: d
   data: [ 8.1559858741025254e-02, -1.4251054134883548e-01,
       -2.4016885670005424e-03, 1.6381749658722963e-03,
       6.4463210419818617e-02 ]
rotation: !!opencv-matrix
   rows: 3
   cols: 3
   dt: d
   data: [ 1., 0., 0., 0., 1., 0., 0., 0., 1. ]
projection: !!opencv-matrix
   rows: 4
   cols: 4
   dt: d
   data: [ 1.0665801978622353e+03, 0., 9.6991052905483366e+02, 0., 0.,
       1.0677877472379000e+03, 5.3283362591240825e+02, 0., 0., 0., 1.,
       0., 0., 0., 0., 1. ]
