%YAML:1.0
---
cameraMatrix: !!opencv-matrix
   rows: 3
   cols: 3
   dt: d
   data: [ 1.0686227233721224e+03, 0., 9.6870429934032461e+02, 0.,
       1.0663817909977161e+03, 5.4164145201151211e+02, 0., 0., 1. ]
distortionCoefficients: !!opencv-matrix
   rows: 1
   cols: 5
   dt: d
   data: [ 9.0656361176936845e-02, -1.6546732820919072e-01,
       1.2784057659101749e-03, 7.2824191151621052e-04,
       7.9503608224898298e-02 ]
rotation: !!opencv-matrix
   rows: 3
   cols: 3
   dt: d
   data: [ 1., 0., 0., 0., 1., 0., 0., 0., 1. ]
projection: !!opencv-matrix
   rows: 4
   cols: 4
   dt: d
   data: [ 1.0686227233721224e+03, 0., 9.6870429934032461e+02, 0., 0.,
       1.0663817909977161e+03, 5.4164145201151211e+02, 0., 0., 0., 1.,
       0., 0., 0., 0., 1. ]
