%YAML:1.0
---
rotation: !!opencv-matrix
   rows: 3
   cols: 3
   dt: d
   data: [ 9.9941941734933126e-01, -7.9450433413430707e-03,
       -3.3131624038483638e-02, 8.1122977985297294e-03,
       9.9995500676440607e-01, 4.9168151505468638e-03,
       3.3091069030045196e-02, -5.1827341337230088e-03,
       9.9943890279363645e-01 ]
translation: !!opencv-matrix
   rows: 3
   cols: 1
   dt: d
   data: [ -2.1432255043294591e-02, 5.8333386812767750e-04,
       1.8392887029390205e-03 ]
essential: !!opencv-matrix
   rows: 3
   cols: 3
   dt: d
   data: [ 4.3822836020634385e-06, -1.8422292117387859e-03,
       5.7396311856305361e-04, 2.5474370749357187e-03,
       -1.2569090823763318e-04, 2.1359290843059719e-02,
       -7.5686003000954155e-04, -2.1426656123929369e-02,
       -8.6051637899534674e-05 ]
fundamental: !!opencv-matrix
   rows: 3
   cols: 3
   dt: d
   data: [ 8.0763455384837872e-09, -3.3925802975280174e-06,
       1.0888160445526034e-03, 4.6894991359907783e-06,
       -2.3120590339145387e-07, 1.3168415976183135e-02,
       -3.9942840304667583e-03, -3.8671990087104036e-02, 1. ]
