%YAML:1.0
---
cameraMatrix: !!opencv-matrix
   rows: 3
   cols: 3
   dt: d
   data: [ 3.6587983527049136e+02, 0., 2.5419091647611452e+02, 0.,
       3.6559595596088587e+02, 2.0854289229014802e+02, 0., 0., 1. ]
distortionCoefficients: !!opencv-matrix
   rows: 1
   cols: 5
   dt: d
   data: [ 8.5261612774600412e-02, -2.5244376888827802e-01,
       -2.8726757052706143e-04, -4.6523900592017748e-04,
       7.0538260987333332e-02 ]
rotation: !!opencv-matrix
   rows: 3
   cols: 3
   dt: d
   data: [ 1., 0., 0., 0., 1., 0., 0., 0., 1. ]
projection: !!opencv-matrix
   rows: 4
   cols: 4
   dt: d
   data: [ 3.6587983527049136e+02, 0., 2.5419091647611452e+02, 0., 0.,
       3.6559595596088587e+02, 2.0854289229014802e+02, 0., 0., 0., 1.,
       0., 0., 0., 0., 1. ]
