%YAML:1.0
---
depthShift: -9.4752162712554409e+00
