%YAML:1.0
---
cameraMatrix: !!opencv-matrix
   rows: 3
   cols: 3
   dt: d
   data: [ 3.6358746886438990e+02, 0., 2.5379103855473585e+02, 0.,
       3.6214993604494953e+02, 2.0999891235544092e+02, 0., 0., 1. ]
distortionCoefficients: !!opencv-matrix
   rows: 1
   cols: 5
   dt: d
   data: [ 1.0449489288834285e-01, -3.0916363156140814e-01,
       2.9946853792580069e-04, -1.5038023959228057e-03,
       1.2882250272354170e-01 ]
rotation: !!opencv-matrix
   rows: 3
   cols: 3
   dt: d
   data: [ 1., 0., 0., 0., 1., 0., 0., 0., 1. ]
projection: !!opencv-matrix
   rows: 4
   cols: 4
   dt: d
   data: [ 3.6358746886438990e+02, 0., 2.5379103855473585e+02, 0., 0.,
       3.6214993604494953e+02, 2.0999891235544092e+02, 0., 0., 0., 1.,
       0., 0., 0., 0., 1. ]
