%YAML:1.0
---
depthShift: 0.0178640046767114e+01
