%YAML:1.0
---
depthShift: -1.8178640046767114e+01
