%YAML:1.0
---
cameraMatrix: !!opencv-matrix
   rows: 3
   cols: 3
   dt: d
   data: [ 1.0646373390450572e+03, 0., 9.3784310099912364e+02, 0.,
       1.0681924643117018e+03, 5.4508230840356009e+02, 0., 0., 1. ]
distortionCoefficients: !!opencv-matrix
   rows: 1
   cols: 5
   dt: d
   data: [ 7.7549583894502935e-02, -1.3527848145716892e-01,
       6.7502136482813216e-04, -8.8265583348061329e-04,
       5.8431199918650797e-02 ]
rotation: !!opencv-matrix
   rows: 3
   cols: 3
   dt: d
   data: [ 1., 0., 0., 0., 1., 0., 0., 0., 1. ]
projection: !!opencv-matrix
   rows: 4
   cols: 4
   dt: d
   data: [ 1.0646373390450572e+03, 0., 9.3784310099912364e+02, 0., 0.,
       1.0681924643117018e+03, 5.4508230840356009e+02, 0., 0., 0., 1.,
       0., 0., 0., 0., 1. ]
