%YAML:1.0
---
rotation: !!opencv-matrix
   rows: 3
   cols: 3
   dt: d
   data: [ 9.9996808702966322e-01, -7.9876026196056740e-03,
       -1.5207441373318813e-04, 7.9876309810169941e-03,
       9.9996808091687095e-01, 1.8681204865723488e-04,
       1.5057737924810820e-04, -1.8802080122842091e-04,
       9.9999997098731519e-01 ]
translation: !!opencv-matrix
   rows: 3
   cols: 1
   dt: d
   data: [ -4.9953656998574042e-02, 1.2160044439686133e-03,
       -2.7112693936205772e-03 ]
essential: !!opencv-matrix
   rows: 3
   cols: 3
   dt: d
   data: [ 2.1839722168693730e-05, 2.7109542182575646e-03,
       1.2165109064789436e-03, -2.7036609782061394e-03,
       1.2264215897778804e-05, 4.9954067863987837e-02,
       -1.6149770159117700e-03, -4.9942349563361604e-02,
       -9.1470218389109565e-06 ]
fundamental: !!opencv-matrix
   rows: 3
   cols: 3
   dt: d
   data: [ 1.4267521843722096e-08, 1.7780505925307113e-06,
       -8.8057230115351999e-05, -1.7603776808397663e-06,
       8.0170372560243161e-09, 1.2270962310184713e-02,
       -1.7706198983780366e-04, -3.6545166191225116e-02, 1. ]
